     2000   430.790   419.256     5.609     0.000     8.982     0.002     0.000     0.000    73.970    14.593     0.120     0.000     0.102     0.000     0.001     0.000     0.306     0.000     0.000     0.000    65.507   110.468     0.000     0.000    50.438     0.000     0.201     0.303     0.000     0.000     0.000   171.489     0.202     0.003     0.000     3.446    22.288     3.300    14010.     2010.    13865.     2178.   139130.   134306.        0.       88.      0.00      0.00  139130.2  134305.9       0.8       0.0       0.0
     2001   456.610   496.104    61.186     0.000     0.000     0.002     0.000     0.000     0.000    61.189     4.261     0.000     6.318     0.000     0.001     0.000     7.154     0.000     0.000     0.000    70.878   202.223     0.000     0.000    34.432     0.000     0.226     2.095     0.000     0.000     0.000     0.000     4.420     0.074     0.000     3.653    36.049     5.218    13865.     2178.    13581.     2171.   134306.   128324.       88.       83.      0.00      0.00  134305.9  128323.9       2.1       1.0       0.0
     2002   573.070   375.957    22.386     0.000     0.000     0.003     0.000     0.000     0.000    22.389     0.262     0.000     0.057     0.000     0.002     0.000     0.515     0.000     0.000     0.000   172.363   151.212     0.000     0.000     0.000     0.000     0.053     0.134     0.000     0.000     0.000     0.000     3.265     0.006     0.000     4.585     0.000     0.000    13581.     2171.    13261.     2170.   128324.   122493.       83.       64.      0.00      0.00  128323.9  122492.8       0.1       0.0       0.0
     2003   338.120   467.802    45.328     0.000     0.000     0.001     0.000     0.000     4.550    45.329     5.212     0.000     1.109     0.000     0.000     0.000     8.953     0.000     0.000     0.000   112.012   117.534     0.000     0.000     0.000     0.000     0.142     2.283     0.000     0.000     0.000     0.000     4.310     0.098     0.000     2.705    74.727    12.027    13261.     2170.    12950.     2156.   122493.   119101.       64.       59.      0.00      0.00  122492.8  119100.9       3.5       3.0       0.0
     2004   702.250   613.090     7.549     0.001     0.000     0.003     0.000     0.000    22.280     7.553     0.158     0.000     0.037     0.000     0.001     0.000     0.477     0.000     0.000     0.000   133.249   128.916     0.000     0.000    50.438     0.000     0.205     0.353     0.000     0.000     0.000   161.402     0.895     0.006     0.000     5.618    41.149     5.867    12950.     2156.    12702.     2311.   119101.   117742.       59.      112.      0.00      0.00  119100.9  117742.0       0.4       0.0       0.0
     2005   537.780   378.694   124.942     0.000     0.000     0.002     0.000     0.000    29.360   124.944     5.973     0.000     3.155     0.000     0.001     0.000    11.094     0.000     0.000     0.000   159.060   136.437     0.000     0.000     0.000     0.000     0.629     2.794     0.000     0.000     0.000     0.000    34.318     0.142     0.000     4.302     0.000     0.000    12702.     2311.    12396.     2308.   117742.   111686.      112.       98.      0.00      0.00  117742.0  111686.5       5.5       1.0       0.0
     2006   479.240   621.915    25.749     0.000     0.000     0.002     0.000     0.000    69.600    25.751     1.944     0.000     0.698     0.000     0.001     0.000     2.960     0.000     0.000     0.000    59.518   134.706     0.000     0.000     0.000     0.000     0.139     0.728     0.000     0.000     0.000     0.000     1.173     0.037     0.000     3.834   124.629    20.065    12396.     2308.    12078.     2287.   111686.   108475.       98.       74.      0.00      0.00  111686.5  108474.7       0.9       1.0       0.0
     2007   516.110   560.886    21.492     0.000     0.000     0.002     0.000     0.000    48.050    21.494     0.092     0.000     4.001     0.000     0.001     0.000     0.239     0.000     0.000     0.000   117.677   100.294     0.000     0.000   168.130     0.000     0.086     0.051     0.000     0.000     0.000     0.000     0.985     0.003     0.000     4.129    94.748    15.243    12078.     2287.    11933.     2271.   108475.   106447.       74.       63.      0.00      0.00  108474.7  106446.7       0.3       0.0       0.0
     2008   394.150   436.793     2.671     0.000     0.000     0.002     0.000     0.000    22.530     2.673     0.013     0.000     0.009     0.000     0.000     0.000     0.050     0.000     0.000     0.000    31.297    89.865     0.000     0.000     0.000     0.000     0.005     0.008     0.000     0.000     0.000     0.000     0.129     0.001     0.000     3.153    32.980     5.488    11933.     2271.    11782.     2266.   106447.   105765.       63.       50.      0.00      0.00  106446.7  105765.4       0.1       0.0       0.0
     2009   404.480   335.789    48.375     0.000     0.000     0.001     0.000     0.000    60.810    48.377     1.177     0.000     1.341     0.000     0.001     0.000     2.654     0.000     0.000     0.000   107.864   105.540     0.000     0.000   112.090     0.000     0.532     0.810     0.000     0.000     0.000    67.250    13.240     0.039     0.000     3.236     0.000     0.000    11782.     2266.    11680.     2332.   105765.   100951.       50.       89.      0.00      0.00  105765.4  100950.8       1.8       0.0       0.0
     2010   480.570   516.901    92.587     0.000     0.000     0.002     0.000     0.000    50.550    92.589     2.974     0.000     1.755     0.000     0.001     0.000     4.663     0.000     0.000     0.000    68.050    91.650    22.582     0.000     0.000     0.000     0.490     1.085     0.000     0.000     0.000     0.000    13.329     0.068     0.000     3.845   116.192    12.804    11680.     2332.    11424.     2317.   100951.    98205.       89.       72.      0.00      0.00  100950.8   98204.9       1.9       0.0       0.0
