Date	ET
20020101	0.167
20020102	0.345
20020103	0.259
20020104	0.676
20020105	2.253
20020106	0.849
20020107	0.487
20020108	0.691
20020109	0.39
20020110	0.368
20020111	0.657
20020112	0.393
20020113	0.659
20020114	0.263
20020115	0.486
20020116	0.462
20020117	0.291
20020118	0.234
20020119	0.487
20020120	0.704
20020121	0.239
20020122	0.605
20020123	0.039
20020124	0.479
20020125	0.222
20020126	0.407
20020127	0.32
20020128	0.421
20020129	0.089
20020130	0.13
20020131	1.371
20020201	0.854
20020202	0.679
20020203	1.213
20020204	0.799
20020205	0.245
20020206	0.493
20020207	0.663
20020208	3.336
20020209	2.015
20020210	1.747
20020211	1.169
20020212	1.188
20020213	0.421
20020214	1.636
20020215	1.002
20020216	0.46
20020217	0.666
20020218	0.519
20020219	0.396
20020220	1.384
20020221	1.062
20020222	0.665
20020223	0.383
20020224	0.519
20020225	0.222
20020226	0.525
20020227	1.177
20020228	0.618
20020301	1.044
20020302	1.564
20020303	0.457
20020304	0.632
20020305	0.896
20020306	0.399
20020307	0.682
20020308	0.838
20020309	0.866
20020310	0.721
20020311	1.088
20020312	0.269
20020313	0.457
20020314	1.002
20020315	0.528
20020316	0.18
20020317	0.43
20020318	0.011
20020319	0.682
20020320	2.89
20020321	1.786
20020322	0.524
20020323	0.877
20020324	0.496
20020325	0.82
20020326	0.37
20020327	1.623
20020328	2.065
20020329	0.909
20020330	0.856
20020331	0.514
20020401	1.589
20020402	0.635
20020403	0.259
20020404	0.687
20020405	0.704
20020406	0.593
20020407	2.056
20020408	2.289
20020409	0.678
20020410	1.263
20020411	1.13
20020412	0.584
20020413	3.915
20020414	2.547
20020415	2.37
20020416	1.722
20020417	0.725
20020418	1.209
20020419	0.862
20020420	0.417
20020421	3
20020422	1.329
20020423	1.284
20020424	0.498
20020425	0.648
20020426	0.569
20020427	2.595
20020428	0.55
20020429	0.316
20020430	0.858
20020501	0.679
20020502	0.691
20020503	0.551
20020504	0.579
20020505	4.66
20020506	1.446
20020507	0.478
20020508	0.892
20020509	0.261
20020510	0.811
20020511	2.777
20020512	0.759
20020513	0.347
20020514	2.874
20020515	1.759
20020516	0.434
20020517	0.368
20020518	0.159
20020519	0.373
20020520	0.232
20020521	0.355
20020522	0.47
20020523	0.428
20020524	0.055
20020525	0.18
20020526	0.193
20020527	0.157
20020528	0.421
20020529	0.256
20020530	0.425
20020531	0.313
20020601	0.131
20020602	0.468
20020603	1.153
20020604	0.622
20020605	4.116
20020606	3.475
20020607	1.966
20020608	1.347
20020609	1.11
20020610	1.104
20020611	0.613
20020612	0.997
20020613	0.524
20020614	0.031
20020615	1.994
20020616	0.624
20020617	0.002
20020618	0.716
20020619	0.553
20020620	0.801
20020621	0.207
20020622	0.507
20020623	0.559
20020624	0.376
20020625	0.525
20020626	0.279
20020627	0.43
20020628	0.25
20020629	0.256
20020630	0.178
20020701	0.29
20020702	0.345
20020703	0.324
20020704	1.639
20020705	3.274
20020706	3.009
20020707	3.678
20020708	2.37
20020709	1.846
20020710	1.24
20020711	0.94
20020712	0.854
20020713	0.739
20020714	0.603
20020715	0.781
20020716	0.512
20020717	0.668
20020718	0.577
20020719	0.54
20020720	0.614
20020721	0.728
20020722	0.669
20020723	5.618
20020724	6.255
20020725	3.621
20020726	3.169
20020727	5.74
20020728	3.908
20020729	1.905
20020730	1.295
20020731	1.034
20020801	0.987
20020802	1.945
20020803	1.704
20020804	0.861
20020805	0.789
20020806	0.564
20020807	0.537
20020808	0.488
20020809	0.441
20020810	5.158
20020811	4.847
20020812	2.538
20020813	1.739
20020814	1.034
20020815	1.141
20020816	0.914
20020817	1.26
20020818	1.151
20020819	2.101
20020820	3.125
20020821	2.214
20020822	1.29
20020823	0.856
20020824	1.047
20020825	0.579
20020826	0.83
20020827	0.468
20020828	0.527
20020829	5.625
20020830	3.963
20020831	5.382
20020901	3.166
20020902	2.219
20020903	1.548
20020904	1.289
20020905	0.895
20020906	0.973
20020907	0.849
20020908	0.608
20020909	0.512
20020910	0.237
20020911	0.567
20020912	1
20020913	3.843
20020914	1.522
20020915	1.209
20020916	0.849
20020917	0.95
20020918	0.815
20020919	4.424
20020920	3.816
20020921	1.997
20020922	1.893
20020923	1.05
20020924	1.174
20020925	1.196
20020926	0.749
20020927	0.781
20020928	0.87
20020929	0.464
20020930	0.874
20021001	2.023
20021002	1.19
20021003	0.804
20021004	3.717
20021005	1.863
20021006	1.368
20021007	0.81
20021008	0.535
20021009	1.405
20021010	0.768
20021011	1.211
20021012	0.872
20021013	0.593
20021014	0.657
20021015	0.405
20021016	0.752
20021017	0.23
20021018	0.609
20021019	0.165
20021020	0.384
20021021	0.3
20021022	0.306
20021023	0.123
20021024	0.647
20021025	1.734
20021026	0.41
20021027	2.124
20021028	0.331
20021029	2.644
20021030	1.796
20021031	0.431
20021101	0.41
20021102	1.023
20021103	2.487
20021104	0.488
20021105	1.26
20021106	0.731
20021107	0.556
20021108	0.736
20021109	1.678
20021110	0.712
20021111	0.345
20021112	0.456
20021113	0.11
20021114	0.606
20021115	0.439
20021116	1.287
20021117	0.404
20021118	0.952
20021119	0.434
20021120	0.342
20021121	0.43
20021122	0.35
20021123	0.802
20021124	0.169
20021125	0.392
20021126	0.318
20021127	0.212
20021128	0.178
20021129	0.344
20021130	0.277
20021201	0.131
20021202	0.368
20021203	8.086
20021204	0.01
20021205	0.144
20021206	0.053
20021207	1.039
20021208	0.773
20021209	0.922
20021210	1.086
20021211	0.681
20021212	0.759
20021213	0.621
20021214	0.48
20021215	0.449
20021216	0.561
20021217	0.326
20021218	0.524
20021219	0.681
20021220	0.631
20021221	2.425
20021222	1.033
20021223	0.102
20021224	0.182
20021225	0.16
20021226	0.135
20021227	0.222
20021228	0.271
20021229	1.383
20021230	2.513
20021231	1.114
20030101	0.873
